24- 10:31:45, 77.43, 84.03, 73.32, 63.50, 63.50
24-12-2017 10:32:48, 78.04, 81.48, 73.44, 63.43, 63.43
24-12-2017 10:33:48, 76.87, 84.85, 72.89, 63.55, 63.55
24-12-2017 10:34:48, 77.42, 89.27, 72.84, 63.50, 63.50
24-12-2017 10:35:48, 77.50, 89.16, 72.97, 63.46, 63.46
24-12-2017 10:36:48, 77.51, 87.98, 72.74, 63.51, 63.51
24-12-2017 10:37:48, 77.52, 87.15, 73.26, 63.49, 63.49
24-12-2017 10:38:48, 77.35, 86.34, 73.50, 63.52, 63.52
24-12-2017 10:39:49, 77.33, 86.31, 72.90, 63.49, 63.49
24-12-2017 10:40:49, 78.11, 85.24, 73.63, 63.35, 63.35
24-12-2017 10:41:49, 76.75, 85.19, 73.49, 63.26, 63.26
24-12-2017 10:42:49, 76.51, 86.06, 73.76, 63.40, 63.40
24-12-2017 10:43:49, 76.47, 85.46, 74.45, 63.32, 63.32
24-12-2017 10:44:49, 76.38, 85.40, 73.25, 63.35, 63.35
24-12-2017 10:45:49, 76.42, 84.03, 73.43, 63.36, 63.36
24-12-2017 10:46:49, 77.23, 83.49, 73.42, 63.36, 63.36
24-12-2017 10:47:49, 77.04, 82.63, 72.90, 63.39, 63.39
24-12-2017 10:48:49, 77.11, 85.40, 73.39, 63.28, 63.28
24-12-2017 10:49:50, 76.97, 87.60, 73.95, 63.33, 63.33
24-12-2017 10:50:50, 76.93, 87.04, 73.42, 63.32, 63.32
24-12-2017 10:51:50, 77.05, 87.85, 73.26, 63.29, 63.29
24-12-2017 10:52:50, 76.47, 85.78, 73.50, 63.35, 63.35
24-12-2017 10:53:50, 76.48, 84.01, 73.19, 63.30, 63.30
24-12-2017 10:54:50, 76.10, 85.87, 72.65, 63.40, 63.40
24-12-2017 10:55:50, 76.45, 86.28, 73.22, 63.33, 63.33
24-12-2017 10:56:50, 76.64, 84.89, 72.98, 63.32, 63.32
24-12-2017 10:57:50, 76.53, 85.02, 73.14, 63.25, 63.25
24-12-2017 10:58:50, 75.04, 86.58, 72.44, 63.46, 63.46
24-12-2017 10:59:50, 75.06, 84.66, 72.62, 63.57, 63.57
24-12-2017 11:00:51, 76.63, 84.99, 73.02, 63.23, 63.23
24-12-2017 11:01:51, 78.79, 80.88, 73.28, 63.30, 63.30
24-12-2017 11:02:51, 77.20, 85.13, 73.26, 63.20, 63.20
24-12-2017 11:03:51, 78.25, 86.82, 73.05, 63.11, 63.11
24-12-2017 11:04:51, 76.02, 87.54, 72.57, 63.32, 63.32
24-12-2017 11:05:51, 75.81, 87.53, 72.46, 63.48, 63.48
24-12-2017 11:06:51, 76.54, 87.81, 73.39, 63.29, 63.29
24-12-2017 11:07:51, 76.53, 86.84, 73.11, 63.32, 63.32
24-12-2017 11:08:51, 76.50, 86.91, 72.64, 63.29, 63.29
24-12-2017 11:09:51, 76.17, 86.42, 72.26, 63.36, 63.36
24-12-2017 11:10:52, 75.97, 86.19, 72.73, 63.32, 63.32
24-12-2017 11:11:52, 75.72, 83.41, 73.02, 63.33, 63.33
24-12-2017 11:12:52, 76.10, 84.33, 72.31, 63.31, 63.31
24-12-2017 11:13:52, 76.13, 84.38, 72.00, 63.29, 63.29
24-12-2017 11:14:52, 76.59, 86.57, 72.51, 63.28, 63.28
24-12-2017 11:15:52, 77.09, 84.10, 72.85, 63.32, 63.32
24-12-2017 11:16:52, 78.09, 84.12, 72.60, 62.99, 62.99
24-12-2017 11:17:52, 74.04, 89.03, 71.29, 63.55, 63.55
24-12-2017 11:18:52, 76.53, 86.70, 72.26, 63.21, 63.21
24-12-2017 11:19:52, 74.50, 89.01, 70.73, 63.34, 63.34
24-12-2017 11:20:53, 75.99, 87.03, 71.52, 63.22, 63.22
24-12-2017 11:21:53, 75.95, 86.90, 79.67, 63.48, 63.48
24-12-2017 11:22:53, 76.03, 85.33, 83.84, 63.56, 63.56
24-12-2017 11:23:53, 76.57, 81.86, 83.78, 63.31, 63.31
24-12-2017 11:24:53, 77.12, 83.42, 83.31, 63.46, 63.46
24-12-2017 11:25:53, 77.57, 82.35, 86.72, 63.54, 63.54
24-12-2017 11:26:53, 77.30, 84.34, 87.25, 63.58, 63.58
24-12-2017 11:27:53, 77.07, 83.53, 88.50, 63.60, 63.60
24-12-2017 11:28:53, 77.60, 81.51, 87.99, 63.60, 63.60
24-12-2017 11:29:53, 78.26, 84.98, 87.55, 63.58, 63.58
24-12-2017 11:30:53, 78.13, 86.66, 88.01, 63.51, 63.51
24-12-2017 11:31:54, 77.93, 86.98, 90.31, 63.57, 63.57
24-12-2017 11:32:54, 77.37, 86.63, 92.96, 63.48, 63.48
24-12-2017 11:33:54, 76.41, 85.88, 94.02, 63.74, 63.74
24-12-2017 11:34:54, 77.27, 83.17, 93.59, 63.66, 63.66
24-12-2017 11:35:54, 77.09, 83.70, 93.30, 63.70, 63.70
24-12-2017 11:36:54, 76.64, 84.79, 94.02, 63.69, 63.69
24-12-2017 11:37:54, 76.37, 83.50, 93.80, 63.70, 63.70
24-12-2017 11:38:54, 76.20, 83.43, 93.39, 63.70, 63.70
24-12-2017 11:39:54, 76.14, 83.33, 92.77, 63.71, 63.71
24-12-2017 11:40:54, 76.54, 83.85, 90.29, 63.71, 63.71
24-12-2017 11:41:55, 76.40, 83.40, 90.30, 63.73, 63.73
24-12-2017 11:42:55, 76.03, 82.94, 90.80, 63.74, 63.74
24-12-2017 11:43:55, 76.34, 82.49, 89.34, 63.61, 63.61
24-12-2017 11:44:55, 77.07, 86.14, 89.79, 63.64, 63.64
24-12-2017 11:45:55, 77.13, 84.74, 88.87, 63.64, 63.64
24-12-2017 11:46:55, 76.50, 86.19, 88.35, 63.63, 63.63
24-12-2017 11:47:55, 76.68, 85.80, 87.99, 63.65, 63.65
24-12-2017 11:48:55, 76.48, 84.45, 88.39, 63.68, 63.68
24-12-2017 11:49:55, 76.44, 83.62, 87.49, 63.61, 63.61
24-12-2017 11:50:55, 76.12, 83.85, 86.47, 63.64, 63.64
24-12-2017 11:51:55, 76.23, 84.11, 85.75, 63.62, 63.62
24-12-2017 11:52:56, 76.05, 84.37, 85.07, 63.61, 63.61
24-12-2017 11:53:56, 76.29, 84.87, 85.39, 63.61, 63.61
24-12-2017 11:54:56, 76.09, 84.07, 85.58, 63.62, 63.62
24-12-2017 11:55:56, 76.03, 83.64, 83.69, 63.62, 63.62
24-12-2017 11:56:56, 75.93, 83.82, 82.77, 63.55, 63.55
24-12-2017 11:57:56, 75.72, 81.77, 83.85, 63.58, 63.58
24-12-2017 11:58:56, 76.02, 82.44, 84.28, 63.55, 63.55
24-12-2017 11:59:56, 76.70, 84.87, 83.30, 63.55, 63.55
24-12-2017 12:00:56, 76.91, 83.09, 83.30, 63.56, 63.56
24-12-2017 12:01:56, 76.30, 85.58, 83.09, 63.50, 63.50
24-12-2017 12:02:57, 75.97, 86.03, 83.44, 63.54, 63.54
24-12-2017 12:03:57, 76.25, 86.70, 82.78, 63.57, 63.57
24-12-2017 12:04:57, 75.95, 86.46, 82.36, 63.50, 63.50
24-12-2017 12:05:57, 75.95, 86.19, 81.72, 63.52, 63.52
24-12-2017 12:06:57, 75.79, 84.97, 80.87, 63.45, 63.45
24-12-2017 12:07:57, 75.83, 84.21, 80.79, 63.47, 63.47
24-12-2017 12:08:57, 76.78, 83.70, 81.82, 63.47, 63.47
24-12-2017 12:09:57, 75.62, 84.84, 81.77, 63.60, 63.60
24-12-2017 12:10:57, 75.49, 83.34, 81.23, 63.48, 63.48
24-12-2017 12:11:57, 75.65, 82.26, 80.89, 63.44, 63.44
24-12-2017 12:12:58, 75.65, 84.52, 79.56, 63.49, 63.49
24-12-2017 12:13:58, 76.47, 84.23, 78.90, 63.51, 63.51
24-12-2017 12:14:58, 77.10, 86.77, 80.69, 63.48, 63.48
24-12-2017 12:15:58, 76.59, 88.08, 79.79, 63.56, 63.56
12-2017 12:17:52, 76.64, 86.34, 79.96, 63.58, 63.58
24-12-2017 12:18:52, 76.51, 85.49, 79.11, 63.55, 63.55
24-12-2017 12:19:52, 76.42, 86.00, 78.90, 63.65, 63.65
24-12-2017 12:20:52, 76.06, 86.72, 79.19, 63.57, 63.57
24-12-2017 12:21:52, 75.74, 85.95, 80.42, 63.57, 63.57
24-12-2017 12:22:52, 74.54, 85.86, 79.68, 63.70, 63.70
24-12-2017 12:23:53, 75.09, 85.91, 80.00, 63.74, 63.74
24-12-2017 12:24:53, 75.47, 86.66, 79.68, 63.71, 63.71
24-12-2017 12:25:53, 76.81, 85.95, 79.59, 63.45, 63.45
24-12-2017 12:26:53, 76.39, 88.04, 78.82, 63.49, 63.49
24-12-2017 12:27:53, 76.18, 91.97, 78.91, 63.49, 63.49
24-12-2017 12:28:53, 75.77, 90.58, 79.54, 63.50, 63.50
24-12-2017 12:29:53, 75.98, 89.70, 79.86, 63.54, 63.54
24-12-2017 12:30:53, 76.02, 88.54, 79.84, 63.47, 63.47
24-12-2017 12:31:53, 75.94, 88.71, 78.95, 63.49, 63.49
24-12-2017 12:32:53, 76.00, 89.08, 78.40, 63.48, 63.48
24-12-2017 12:33:53, 75.69, 87.29, 78.56, 63.47, 63.47
24-12-2017 12:34:54, 75.59, 86.58, 78.31, 63.47, 63.47
24-12-2017 12:35:54, 75.44, 85.22, 78.55, 63.51, 63.51
24-12-2017 12:36:54, 75.83, 89.95, 78.62, 63.49, 63.49
24-12-2017 12:37:54, 76.01, 90.54, 78.54, 63.50, 63.50
24-12-2017 12:38:54, 75.55, 89.97, 78.60, 63.45, 63.45
24-12-2017 12:39:54, 75.73, 88.57, 78.40, 63.41, 63.41
24-12-2017 12:40:54, 75.52, 87.65, 78.22, 63.52, 63.52
24-12-2017 12:41:54, 75.46, 87.59, 77.28, 63.45, 63.45
24-12-2017 12:42:54, 75.86, 88.04, 77.51, 63.43, 63.43
24-12-2017 12:43:54, 75.66, 88.49, 77.43, 63.43, 63.43
24-12-2017 12:44:55, 75.41, 85.91, 77.67, 63.42, 63.42
24-12-2017 12:45:55, 75.38, 87.14, 78.19, 63.45, 63.45
24-12-2017 12:46:55, 75.56, 86.35, 77.39, 63.38, 63.38
24-12-2017 12:47:55, 75.37, 86.43, 77.19, 63.41, 63.41
24-12-2017 12:48:55, 75.77, 85.03, 77.67, 63.42, 63.42
24-12-2017 12:49:55, 75.48, 84.81, 77.67, 63.39, 63.39
24-12-2017 12:50:55, 75.78, 82.24, 77.73, 63.39, 63.39
24-12-2017 12:51:55, 75.49, 82.33, 77.56, 63.41, 63.41
24-12-2017 12:52:55, 75.66, 83.98, 77.64, 63.34, 63.34
24-12-2017 12:53:55, 75.17, 84.45, 77.04, 63.44, 63.44
24-12-2017 12:54:56, 75.57, 82.46, 77.54, 63.35, 63.35
24-12-2017 12:55:56, 75.65, 81.23, 77.33, 63.32, 63.32
24-12-2017 12:56:56, 75.12, 82.20, 76.70, 63.34, 63.34
24-12-2017 12:57:56, 75.05, 81.64, 76.87, 63.32, 63.32
24-12-2017 12:58:56, 76.08, 80.17, 76.80, 63.31, 63.31
24-12-2017 12:59:56, 76.00, 83.62, 76.63, 63.33, 63.33
24-12-2017 13:00:56, 76.39, 83.20, 76.36, 63.34, 63.34
24-12-2017 13:01:56, 76.23, 85.88, 76.18, 63.36, 63.36
24-12-2017 13:02:56, 76.13, 84.72, 76.14, 63.38, 63.38
